29.15665826573968
34.03823030740023
30.29282457754016
24.91276350710541
22.85643609240651
30.830771593376994
36.501656007021666
26.541006113402545
27.55013595148921
23.495095848105848
27.43650934845209
30.67086673527956
24.4728625677526
17.960509598255157
19.951606690883636
19.38013473711908
16.69750637933612
21.64949855208397
19.73521382920444
22.42976964637637
19.12550545949489
24.428789630532265
23.89918364584446
23.577535356744193
23.629644002532586
29.41519420966506
19.974503957666457
26.77980001922697
22.022938035428524
21.136064309626818
12.295049861073494
16.771939624100924
12.911596709862351
25.398577826097608
99.747323455289
71.51720173191279
48.22687287814915
57.27083919942379
64.40014028921723
65.71691521443427
68.8729264489375
37.593740715645254
32.642532909289
30.646534184459597
31.241297885775566
42.96805796585977
29.234589591622353
31.86351225664839
28.583595041185617
38.532566860318184
26.511713288724422
27.131540428847075
30.71425109449774
25.401522304397076
23.03768030181527
22.799272514879704
25.663566008210182
26.925281959585845
29.207015968859196
69.91698998212814
55.09855608828366
29.150793585926294
39.704137306660414
29.139329379424453
29.219508052803576
30.03841151855886
37.06316518224776
24.0170233277604
20.517293512821198
27.198439922183752
22.263444448821247
21.379562022164464
25.049644447863102
17.29453471582383
20.643643330782652
18.943678515031934
14.167763892561197
16.0470952084288
18.085412196815014
20.468861585017294
7.096496200188994
7.622150108218193
14.510719833895564
12.187137521803379
11.75352722313255
12.63425675034523
10.435587986372411
12.254517007619143
9.98356343433261
7.528503887355328
13.486257484182715
10.880484085530043
8.293734215199947
11.91073866840452
9.430020175874233
11.522328688763082
10.870253965258598
12.092083286494017
5.843055551871657
8.349928975105286
12.213370291516185
9.259166712872684
8.853760216385126
11.311988677829504
9.532689087092876
10.154581043869257
13.473741238936782
4.937617193907499
8.01639612019062
7.059307500720024
8.41814568080008
10.687709307298064
7.777727281674743
9.206357341259718
13.599274098873138
9.64370796829462
11.962589358910918
13.26005095243454
7.23871217854321
8.329068049788475
8.328253474086523
10.006794586777687
8.82924248278141
8.989393962547183
10.270707160234451
8.632850460708141
7.371049843728542
8.209049496799707
9.148256056010723
6.028772125020623
7.768559092655778
10.772201709449291
15.781409054994583
4.980008255690336
7.022621389478445
11.498276926577091
7.131986537948251
8.104419235140085
6.4174227165058255
8.008789077401161
13.298491943627596
12.106892125215381
11.272536974400282
11.23153411410749
6.879395522177219
19.868929191492498
14.650906473398209
13.869848534464836
14.942828318104148
24.300485745072365
23.691543772816658
27.761545907706022
26.08167514950037
28.75953959673643
41.96492724632844
66.86667759530246
52.018539879471064
48.22580109676346
46.49238858744502
37.12495829258114
42.849198336713016
41.382841574028134
48.45751506090164
47.93136993376538
37.41915543284267
55.422279864083976
67.64654034213163
98.34527746401727
66.31267214170657
59.541086765006185
72.62075618468225
74.23011316172779
80.22658563498408
81.87387875840068
66.19677466806024
68.84585094917566
74.07075655460358
95.46667205076665
70.26346446457319
60.1880250396207
98.48547336854972
88.04775386257097
89.21701786713675
93.48105137050152
97.00491548224818
92.09321140276734
85.07796652824618
95.2690692183096
72.59091511438601
71.42948684794828
69.03447342291474
175.4067919489462
166.35079489415511
147.55356775061227
103.48265632847324
124.2466730736196
175.78783742245287
190.19804246816784
190.18072486389428
168.27103521861136
148.41541159711778
126.68452248722315
111.62859624437988
135.4715425351169
120.81885145697743
138.62330673867837
119.45499478187412
121.75688132457435
122.903035212541
112.21556247211993
110.726308635436
98.60543607361615
105.25027968268842
122.18576686317101
126.26259026676416
95.1085454840213
89.12086080154404
89.52427346771583
91.39467295818031
110.3362933890894
93.33805248793215
92.73652786994353
106.35813461616635
119.72955941595137
178.26659464510158
143.32908691978082
116.05547507479787
93.07922623073682
87.37027209019288
82.89123281184584
79.96217281697318
204.13026823103428
157.02870487770997
226.21457062195987
178.8885774211958
159.57327332906425
133.19957072567195
110.70421939529479
113.19796930067241
119.29878795845434
99.40670634573326
124.95287111354992
103.7870306065306
74.73911452293396
98.493538049981
115.0172729967162
114.6978365376126
130.8791273124516
146.6936553514097
144.7454792978242
136.41703116334975
145.84191976464354
148.24553505214863
164.45585948228836
239.62931708805263
190.18471492175013
167.568705315236
124.78048917837441
126.38667739043012
102.99371306505054
138.87407196918502
305.98672463558614
242.40471789240837
245.55299698922317
259.78994986228645
280.3322656296659
260.46896869468037
263.5411380766891
251.98658321797848
268.81347402441315
323.66487394238357
330.66695654951036
646.5028750309721
664.7654578513466
889.5717304509599
1005.859557891963
931.7493237818126
462.12503146519884
731.6278903206112
566.7237743006554
334.14520366408397
361.74343286361545
137.87677565705962
97.56916362256743
62.647716011619195
192.8278564690845
1118.6519578767475
907.4691455725115
366.31182530964725
210.41601294791326
613.4841980289202
136.05353107344126
391.238706341479
363.87648174446076
299.16556845069863
229.72554733231664
960.803363104118
263.00008910533506
821.3696868889965
2399.0422134946566
1897.1581084586214
1170.4845546595752
917.361716862797
767.5427402420901
478.69687741808593
324.86595524149016
290.34690845711157
630.2504426343367
524.113637026021
345.0699225270655
257.2260447628796
184.33653982169926
172.90045819897205
166.07506097573787
170.2872707704082
171.4618074935861
160.42348097625654
118.91397446300834
337.9830309776589
211.0326691607479
161.4854127848521
114.3531980519183
116.42664154758677
125.1887602484785
255.90214419551194
167.75514714722522
139.1337676430121
191.15638037025928
122.6253166180104
133.8336215694435
111.57441466907039
66.26783649018034
63.33251445181668
89.62224878184497
65.2117375517264
76.67241857200861
77.22958291927353
70.96844970807433
72.213922906667
62.28306263172999
59.27736243465915
71.05096280528232
73.85335933696479
63.30283809453249
40.31846309802495
43.88940710993484
56.944729460868984
39.68865831196308
46.223145917989314
60.9516110974364
44.589390475302935
42.079109171405435
56.019633520394564
43.55947627685964
41.46396452188492
39.562118377536535
36.306947473436594
47.39929801411927
26.28152240253985
31.946879792958498
44.042759193107486
31.57433301396668
23.31192239187658
30.399633092805743
31.582358157262206
21.07601685123518
40.07773665338755
28.89314967766404
31.921985743567348
18.71446287818253
32.327679650858045
17.77302691154182
24.933284033089876
27.66654663719237
24.925206422805786
15.391362132504582
18.987095100805163
25.238676112145185
18.32406923919916
22.643599518574774
20.195745898410678
25.062195850536227
23.071188915520906
17.192489251494408
19.436656668782234
21.331485121510923
18.478861628100276
15.77805269882083
16.499241534620523
8.959548836573958
13.778844270855188
13.817522063851357
19.20012229681015
21.511946219950914
18.446431029587984
12.598035793751478
16.28900258243084
18.02980509074405
10.376527884975076
25.083832141011953
15.980754095944576
12.866010138764977
11.66356522217393
13.49120968580246
10.759704446420074
24.34701987542212
16.019907047972083
24.876970237120986
13.036403374746442
40.109166756272316
26.90324413217604
15.84931886009872
25.3466068059206
24.14123452268541
19.719439098611474
14.718047309666872
16.370589220896363
15.28003041818738
13.543052531778812
9.935740679269657
11.472309036180377
10.147314841859043
11.427658075466752
19.32819295860827
11.77055554650724
18.699450470507145
14.127777764573693
15.943519119173288
11.291170722804964
12.879642901942134
11.854023160412908
10.668226668611169
18.61451911367476
10.651565397158265
15.555532488971949
13.633300829678774
13.004057567566633
14.117471609264612
13.77867972292006
9.076526753604412
12.270622830837965
12.877856716513634
11.884002580773085
14.33602092275396
9.13253796286881
8.588194387033582
10.595277829095721
16.919967597350478
13.974196492694318
12.752323912456632
10.581802867352962
13.823948407545686
15.092289675027132
7.990160517394543
17.681008718907833
23.217961858958006
16.53880015015602
16.22686018794775
12.74064585659653
14.571771412156522
14.61439578793943
12.974092952907085
10.87190234940499
13.347168492153287
15.059439517557621
14.962585435248911
12.807963208295405
16.58469570055604
16.99670427106321
14.925237794406712
17.625231184065342
17.529703435022384
18.78711515199393
17.190713660791516
2.294022960588336
14.14418837428093
19.958664748817682
16.15323254931718
17.93297850107774
21.37170879356563
23.60069223679602
12.581068078055978
14.470046570291743
5.2076118821278214
-2.8476935867220163
0.5415401943027973
4.896697374759242
9.962000168859959
-4.4024343099445105
11.241203103214502
11.072189370170236
22.144092671573162
1.0998953678645194
25.62402088008821
26.888487570453435
41.56370058842003
48.71964885108173
18.597022276371717
10.599379879888147
28.767501816153526
19.360676092095673
33.589637937024236
28.187655862420797
44.173342702910304
41.45505229011178
32.05581734329462
30.478277161717415
30.169572476297617
21.958625189960003
18.059247659519315
18.423828413709998
28.23583939857781
25.818227871786803
39.43845071690157
26.210556657984853
21.079829193651676
21.853021636605263
23.08009324967861
19.759978191927075
16.423216758528724
21.894786135759205
18.54559441143647
27.948412027209997
30.053465010598302
27.711121452972293
18.203830156475306
23.60804073512554
14.462559923529625
23.450328015722334
22.02451031655073
21.138153111562133
27.9943268019706
21.024503648281097
19.94277573004365
22.68711914308369
28.314110605046153
27.171265173703432
28.300034757703543
24.79756868025288
24.73236232250929
12.893084969371557
26.689489152282476
26.055556181818247
26.5400551520288
20.569224912673235
18.05123031977564
16.546311704441905
25.98663106164895
17.85716156475246
34.532708396203816
33.95769181847572
20.826838042587042
17.218910847092047
17.553187109995633
18.990080922842026
16.33273588307202
24.604194558691233
14.9660768462345
13.12402695743367
17.85632800683379
26.703948944807053
16.94092263095081
24.201808804646134
24.577648850157857
20.599015329033136
15.452901424840093
21.715563064441085
15.648492738604546
17.632767096161842
13.934675162658095
11.211994856595993
13.5958586409688
9.02607310935855
14.20663782209158
9.515067925676703
17.119381183758378
29.29302854463458
25.98525117803365
13.143321542069316
16.573228884488344
15.002343871630728
18.828722458332777
8.996260034386069
14.720029773190618
11.71166666969657
8.958906184881926
10.751759281381965
16.344322813209146
5.7621156219393015
14.368359608575702
5.788316618651152
11.89040726236999
11.72479167766869
15.171571070328355
14.463334452360868
12.847266919910908
7.252059490419924
6.403030309826136
4.951076842844486
14.257798274978995
11.391975121572614
15.839383509010077
19.24698551557958
6.4352200869470835
7.4432676788419485
5.875029768794775
-0.7263636514544487
0.5153219997882843
5.063446978107095
3.441406324505806
